0
2006441
19301902
87460063
57501400
87341805
37802137
93769998
115297893
128331454
145254509
177620079
260551760
272572237
334427285
348938119
387616781
394930557
402876143
406990884
412403130
419018629
420577866
1393248512
449289509
476565580
478045278
495798629
531050858
597579221
609567683
610920137
626311661
649356756
650818053
692326443
697167097
744503119
777468736
783895065
786746220
804250016
815005099
820916516
832854521
848088343
858637594
864065093
1528049006
930699888
1053615123
989206945
991650601
1002058546
1024398222
1050044943
974648083
1058156900
1118329557
1132736967
1168051687
1187083997
1229111075
1248602785
1299233450
1346724644
1367391650
1377348911
1716263872
1389863065
437852887
1393895325
1404053342
1409247382
1438913591
1503575745
865079424
1538636845
1556811108
1561899622
1569051414
1663691831
1708871726
1382028435
1726438450
1826426893
1827660621
2045921390
1849658827
1868990715
1885526018
1907855915
1947530085
1983236315
1989962023
2004874535
2042608942
1828738297
2106606089
2117162279
