0
385596
1978939
3696662
6607485
22714621
23457248
182881225
26886116
825260440
29722384
156268357
32751453
36217711
72631278
38469327
45494274
46809145
47309414
48206028
49371977
51278829
381555742
53809498
186615642
60254792
62617418
64092031
64670756
69431283
69528709
70782063
37061172
72831830
82331293
82493368
89412149
89775539
93214800
319162642
794409514
100427574
99790724
103347831
104413968
104851869
108895517
110823153
114224384
114997956
117249096
120745102
123854055
121793112
129950965
131879229
132097572
135393702
137410033
137458648
139958187
141010820
147189728
147767174
236909706
149633204
151524874
151793991
152782495
31744696
156541525
157395619
168544753
173708201
179347108
179495010
25902457
183309748
53886397
186686038
187912629
188563928
188659380
189726214
197714090
198149165
209115385
1424010643
217004600
217811773
219622412
224079112
225445139
225965595
227625315
227889780
236778007
148015556
238725497
239589318
249434631
250482447
254019485
256829519
258218138
259863097
263033462
264012566
266318112
283468843
269350520
271117612
280138733
280667304
267471250
283664018
287092601
289073352
292175703
294721215
298898883
298899424
300137489
301293786
300217959
834930770
302037409
302395747
303332684
304272963
308271205
312648993
853841751
1780254985
319061105
94114377
319534047
322936990
324668645
324781549
609148553
327601540
331933642
334363970
334455114
334475470
336411628
339437827
341609625
342037597
350181091
354352634
355183928
357077737
362546362
364300322
367105782
367718619
369525172
1529977745
374486524
374950064
376205212
378967415
681651399
53632414
382849010
390396290
392594532
395509781
396550354
396850387
398436287
403389137
403529313
2120015576
411662052
420407022
421200641
421262500
943609059
422624670
422695994
425191960
426131178
427652849
427746090
429777366
431304808
431919749
434200045
439188085
439594122
440301104
441153378
441853554
445567948
445895012
447380430
455131063
456470758
457442546
458203972
889046137
459366031
461124034
463766437
464901554
466655580
466988986
467966139
468679858
468725805
978814490
476740755
477064574
477139769
480591795
480728683
1153658756
485021326
490504733
500148168
503550273
508127958
1787224245
509961678
513030392
514145242
515496774
516687725
517671256
1329482157
522058966
524317695
526086151
527144624
527586319
527987205
529032884
531012413
534002523
535568129
538246804
542585488
544805670
545585768
546994330
548495413
1306934688
556019030
557647316
559970484
563603862
568400899
568498844
569517366
571239002
571618525
573841577
1606408362
578413663
579734351
583786195
584146375
587118916
587613882
590143125
591299818
591352499
596725322
598166067
606676151
608821864
609077420
324897369
610067720
612558682
612754176
614697835
615364779
616475672
616684344
620350978
629852916
631511889
631853973
631909807
633225916
639252448
639395803
648963471
650755782
651272928
1363961276
660965156
663375346
664635004
666797018
668518516
669084203
670385385
672887488
677714551
678957268
680150195
681080816
379509156
687483421
688888768
691180519
692994979
693871222
694267064
699224676
703238575
705142371
706420261
710420910
712987807
717023442
717031207
723568898
723730951
726506580
726541833
726588787
729000327
732848104
736540959
739323573
741279421
742811062
745022586
746083508
747702238
750694226
751181239
751500115
755724519
756624789
756658090
756679308
757710674
757849598
757869895
1353471956
764407667
768771949
770917215
771051842
771051869
761681131
781445515
784433316
784582905
785575472
785854726
789749410
793862420
100892019
795421988
796116183
796572410
796602967
799413148
799737263
799751408
800222015
801181852
805742705
808465365
809133593
810147624
818814241
820836956
822153520
822269853
822641970
27452931
825771702
826228092
827074699
829639683
834745823
301964990
839136400
842578538
843828983
844437078
845142397
849475667
852405015
313257552
854164576
862661744
866510801
868754542
872124280
874228249
875777132
877101260
878939055
881414403
881517315
881931896
887218519
887484730
458609811
889204660
890508149
896030024
896558190
896676548
896964521
899554850
902342268
903489604
903735611
904708647
904939403
905257538
905942917
911513274
913460005
920611806
921793983
922066833
922863546
922939916
923307033
923506656
927424204
933482180
935150607
941202785
422265092
949508711
949886407
950557125
950937312
953766460
954019810
955119877
956621629
967448016
970771579
977211084
469218963
981314148
982118215
988598711
989285397
993093229
993731948
993939613
994951717
995254589
998192779
1335745578
1000405754
1005323573
1005469782
1006529150
1008418821
1008496742
1011533754
1011645894
1013438786
1017483707
1020171389
1021853463
1023090446
1023536391
1024447563
1024620606
1025789911
1028033249
1031653450
1032053020
1032101927
1032237349
1032264895
1034576491
1037710256
1040796866
1045755889
1046161914
1048081066
1048361718
1050729655
1053597590
1054207649
1054943110
1383709999
1058652220
1058768152
1062849413
1063492313
1064089079
1064135572
1064496457
1066654145
1068036917
1070225563
1076295417
1076872220
1084444998
1086434201
1087849231
1090940246
1097281451
1098080398
1099957336
1100729394
1101919861
1101976064
1103029858
1110469508
1111463436
1113133701
1115063309
1115877142
1117531371
1118128620
1120132007
1120499336
1121308436
1121426484
1121763622
1125455510
1125927733
1126043860
1135463614
1138703527
1139261813
1140081258
1140696703
1144646784
1151312309
1153443767
1153453474
484316552
1155987333
1157495080
1157717327
1157747274
1158095059
1159608565
1166543101
1170635689
1174329521
1175122202
1182008348
1182448398
1182774884
1188035022
1188247987
1189432665
1191517697
1194742275
1195285218
1198843163
1199904080
1200796847
1203538102
1204133442
1209543174
1212473597
1216242396
1217608966
1219702274
1220670769
1225676688
1228470357
1228555810
1228859800
1229115488
1229980750
1231400976
1234502569
1235798309
1238192421
1241509139
1248681154
1258262140
1262938497
1263180553
1264415710
1267379496
1270986422
1274652144
1274870057
1276260876
1276737023
1277086116
1277484369
1279062460
1280574354
1282922201
1284084980
1286625367
1287804176
1289255432
1289903087
1292830800
1297245621
1297442700
1298123911
1298797450
1303435704
1305520589
1305919190
1306905347
550248837
1309409915
1309456316
1310444422
1310657205
1310953051
1315232334
1319410036
1320054824
1320602321
1324089370
1326496343
1328681824
518849163
1332517368
1334431115
998272527
1335962204
1336953972
1337399228
1340931000
1342433749
1342506854
1342663590
1342767399
1344135351
1346524232
1352647098
777591380
1359252869
1360525836
1361429309
1361465351
659688779
1367383478
1370064012
1374188858
1375576787
1376875211
1381801195
1055740625
1384649607
1384812990
1389454771
1391785927
1393889252
1397542473
1399321861
1402311494
1402332214
1402580701
1402995454
1404263157
1406179227
1406516586
1408333757
1412046720
1415895016
1416865334
1418278477
1418809471
1419301774
1419469677
1420787280
1421516582
1704120690
1423703483
215866512
1424194591
1426718904
1427611307
1428618374
1429692252
1434141853
1434149921
1435469656
1443756913
1444794709
1710085450
1447210515
1452938229
1452940457
1453367634
1453413937
1454494552
1456153276
1463179748
1465318442
1466404919
1467968328
1468639713
1469787667
1477382601
1480951897
1481852929
1485786164
1487981036
1490796313
1492950198
1493128074
1496670060
1497305680
1497721354
1504590732
1505798376
1509609156
1512563049
1514620897
1516988565
2147439869
1528706708
369847651
1560394083
1534459201
1534830351
1536398984
1543688854
1545476068
1550032799
1551267791
1552700869
1553406035
1556876545
1557701516
1558244894
1560381179
1534153535
1687026668
1564258820
1565049786
1568211728
1569427041
1573060581
1574541629
1576804986
1578389752
1579467880
1579491977
1580904203
1581607694
1583579030
1584934808
1585028796
1587885027
1589316135
1589906131
1590346487
1590383562
1590729537
1592439832
1593499856
1593695050
1595618521
1599652901
1600169097
1601521909
1604132045
576040483
1608721635
1608953691
1613138501
1614274946
1614929426
1615741234
1617012460
1617530969
1629565645
1639273931
1645021017
1646845777
1652805624
1654807308
2018385111
1662340179
1662428524
1664635948
1665492729
1669764909
1673041644
1681996745
1685057963
1563058381
1687163909
1687297262
1695090404
1699865095
1421569238
1705271777
1708725770
1446125398
1718065485
1718322532
1720658732
1722221289
1723521267
1726860344
1730812473
1734357156
1736097222
1736104985
1738063488
2139110674
1741724685
1742219397
1742297793
1745082559
1746139695
1746609067
1747420931
1758858971
1760604337
1760972999
1761723701
1763962526
1767173608
1774971999
1775520506
314448931
1780312582
1782311037
1784324914
508247340
1791511820
1793046077
1798058672
1800031113
1800620686
1800969428
1801349858
1801838154
1806370225
1807597537
1812458742
1816109370
1817499506
1817927772
1820604990
1820648323
1821213580
1824646341
1826526630
1829151845
1831339741
1833996846
1834701374
1835281762
1837902505
1841362897
1842104124
1843807337
1843893012
1844686488
1846346018
1849328609
1849831027
1852056996
1854553999
1856933113
1862092647
1864691191
1865641287
1867708994
1871185790
1871781306
1873878437
1881979580
1882657066
1882885854
1883685898
1884109374
1890671691
1891851009
1893474743
1894159751
1896436351
1896651016
1897881348
1900243269
1902299874
1903456685
1905846102
1906650958
1911038956
1912310352
1912633190
1916535768
1920258934
1920311616
1925581955
1927138158
1928943640
1936609018
1938484961
1940177731
1947606552
1951534522
1951884656
1955471487
1955644122
1955958576
1959099554
1959260826
1961569569
1962511860
1965489914
1967840481
1970426177
1970597714
1972078114
1974362339
1974825699
1978453159
1980607271
1982481122
1983342358
1986071023
1987695495
1989185361
1989261447
1991695698
1992089608
1994036011
1998713833
2002300162
2003774178
2008958075
2009251958
2010653904
2012661391
1659893596
2019844609
2020218420
2024057089
2024428024
2028257980
2028847953
2032200301
2036573151
2037415497
2038735440
2039832016
2044943400
2054172551
2054977215
2059712608
2060410074
2064486841
2064782472
2066122046
2067410325
2074328788
2077766229
2082221779
2086393789
2093919309
2095199519
2096711611
2096764031
2101564253
2102619575
2103411804
2103473298
2108900338
2109594892
2110006602
2110268786
2112527688
2113316645
2117348283
2117361951
405892647
2122063634
2122314038
2124081980
2124554777
2124805607
2127260207
2129701081
2133592759
1741166210
2142370361
2142701253
2144944045
2145897672
2146333204
1520173400
